../../../.git/annex/objects/V9/m9/SHA256E-s52250--ff945d2c08fb87b8234c31fd643fe1046259f2cce6a7b922bc3d5cb670754fc4.tsv/SHA256E-s52250--ff945d2c08fb87b8234c31fd643fe1046259f2cce6a7b922bc3d5cb670754fc4.tsv