../../../.git/annex/objects/9W/j3/SHA256E-s50954--d853c9235276ad82531fdc85914e223947872859d636facdb2dada20838500c1.tsv/SHA256E-s50954--d853c9235276ad82531fdc85914e223947872859d636facdb2dada20838500c1.tsv